1	1	1	702	702	0.0383
2	1	1	702	702	0.0383
3	1	1	702	702	0.0382
4	1	1	702	702	0.0384
5	1	1	702	702	0.0383
6	1	1	702	702	0.0383
7	1	1	702	702	0.0382
8	1	1	702	702	0.0383
9	1	1	702	702	0.0383
10	1	1	702	702	0.0382
11	1	1	702	702	0.0383
12	1	1	702	702	0.0383
13	1	1	702	702	0.0382
14	1	1	702	702	0.0384
15	1	1	702	702	0.0383
16	1	1	702	702	0.0384
17	1	1	702	702	0.0383
18	1	1	702	702	0.0383
19	1	1	702	702	0.0383
20	1	1	702	702	0.0382
21	1	1	702	702	0.0383
22	1	1	702	702	0.0383
23	1	1	702	702	0.0383
24	1	1	702	702	0.0383
25	1	1	702	702	0.0383
26	1	1	702	702	0.0384
27	1	1	702	702	0.0383
28	1	1	128	128	0.0379
28	1	129	138	10	0.0823
28	1	139	628	490	0.0384
28	1	629	638	10	0.079
28	1	639	702	64	0.0381
29	1	1	702	702	0.0384
30	1	1	702	702	0.0384
31	1	1	702	702	0.0383
32	1	1	702	702	0.0383
33	1	1	617	617	0.0384
33	1	618	637	20	0.0583
33	1	638	702	65	0.038
34	1	1	413	413	0.0384
34	1	414	435	22	0.057
34	1	436	702	267	0.0383
35	1	1	214	214	0.0384
35	1	215	263	49	0.0531
35	1	264	702	439	0.0384
36	1	1	11	11	0.038
36	1	12	61	50	0.053
36	1	62	702	641	0.0383
37	1	1	702	702	0.0382
38	1	1	702	702	0.0384
39	1	1	702	702	0.0384
40	1	1	702	702	0.0383
41	1	1	702	702	0.0379
42	1	1	295	295	0.0383
42	1	296	352	57	0.0313
42	1	353	702	350	0.0385
43	1	1	94	94	0.0376
43	1	95	146	52	0.0307
43	1	147	702	556	0.0384
44	1	1	702	702	0.0384
45	1	1	702	702	0.0383
46	1	1	702	702	0.0385
47	1	1	680	680	0.0384
47	1	681	702	22	0.0242
48	1	1	478	478	0.0384
48	1	479	499	21	0.0234
48	1	500	702	203	0.0381
49	1	1	276	276	0.0385
49	1	277	326	50	0.0236
49	1	327	702	376	0.0385
50	1	1	73	73	0.0389
50	1	74	125	52	0.0239
50	1	126	504	379	0.0384
50	1	505	693	189	0.0237
50	1	694	702	9	0.0391
